H   local_ri_hfx
    2
    1  0  0    8    8
  1.18162401001938040E+001   4.54223471871881568E+000 -1.23053864677999574E+001  1.84472651989690739E+001 -2.02633848647916217E+001  1.86874165170193436E+001 -1.56148511685855418E+001  1.23467631510733380E+001 -9.46815867489418750E+000
  6.56457783344100232E+000   0.00000000000000000E+000  8.44070172823582610E+000 -2.48007787169213501E+001  3.81344411286201250E+001 -4.23207364972596949E+001  3.92092320275583575E+001 -3.28338525629984517E+001  2.59895288649847274E+001
  3.64698768524500139E+000   0.00000000000000000E+000  0.00000000000000000E+000  9.37296869335988880E+000 -2.82581787779463056E+001  4.39047297909192906E+001 -4.89495625942786532E+001  4.54479138525152493E+001 -3.80971509494066893E+001
  2.02610426958055623E+000   0.00000000000000000E+000  0.00000000000000000E+000  0.00000000000000000E+000  8.09521690138280192E+000 -2.46700401380653638E+001  3.85132943928344957E+001 -4.30330273254181606E+001  3.99959035481541818E+001
  1.12561348310030884E+000   0.00000000000000000E+000  0.00000000000000000E+000  0.00000000000000000E+000  0.00000000000000000E+000  6.11584996276998716E+000 -1.87325085674781953E+001  2.93123879911362160E+001 -3.27880608102104532E+001
  6.25340823944615987E-001   0.00000000000000000E+000  0.00000000000000000E+000  0.00000000000000000E+000  0.00000000000000000E+000  0.00000000000000000E+000  4.29613842117695466E+000 -1.31921832621267470E+001  2.06675146594519532E+001
  3.47411568858120023E-001   0.00000000000000000E+000  0.00000000000000000E+000  0.00000000000000000E+000  0.00000000000000000E+000  0.00000000000000000E+000  0.00000000000000000E+000  2.90021280114728341E+000 -8.91739573981533873E+000
  1.93006427143399995E-001   0.00000000000000000E+000  0.00000000000000000E+000  0.00000000000000000E+000  0.00000000000000000E+000  0.00000000000000000E+000  0.00000000000000000E+000  0.00000000000000000E+000  1.91575606031863144E+000
    2  1  2    1    1  1
  8.23503213571699977E-001   1.11820572316838240E+000  2.02947803593353138E+000
