O   local_ri_hfx
    2
    1  0  2    7    7  6  6
  1.44018400346270692E+001   5.26894395793187442E+000 -1.42741174101673991E+001  2.13986314071170156E+001 -2.35053109013928356E+001  2.16772043815597577E+001 -1.81130612602714720E+001  1.43221139226344647E+001  3.99910278356137923E+001 -8.21023648882610360E+001  1.03810751769539706E+002 -1.01962905303896832E+002  8.71441901002482382E+001 -6.90029951033828581E+001  3.03529952134198766E+002 -5.15099945470428452E+002  5.72557820185051810E+002 -5.14548254626704420E+002  4.13015986475973421E+002 -3.12269302498031038E+002
  8.00102224145948249E+000   0.00000000000000000E+000  9.79112422095118440E+000 -2.87686395055746438E+001  4.42355460728847802E+001 -4.90916041708469706E+001  4.54822920830783630E+001 -3.80869197191484474E+001  0.00000000000000000E+000  4.38020557106435575E+001 -1.04382629376397830E+002  1.38843517562700526E+002 -1.39252791480270417E+002  1.20126867765907605E+002  0.00000000000000000E+000  2.13740027493271981E+002 -4.31316568811730406E+002  5.09101326773924484E+002 -4.68887303207069806E+002  3.80397351538864939E+002
  4.44501235636637837E+000   0.00000000000000000E+000  0.00000000000000000E+000  1.08725439839649187E+001 -3.27791867999745321E+001  5.09290195425460439E+001 -5.67809719325105462E+001  5.27190966391300151E+001  0.00000000000000000E+000  0.00000000000000000E+000  3.18072263535906643E+001 -7.98183993118578883E+001  1.08452237838563704E+002 -1.09794808775106972E+002  0.00000000000000000E+000  0.00000000000000000E+000  1.05798747865271380E+002 -2.27037976127334531E+002  2.74788903502315065E+002 -2.55825580640412483E+002
  2.46945130909243238E+000   0.00000000000000000E+000  0.00000000000000000E+000  0.00000000000000000E+000  9.39036549672593068E+000 -2.86169841447659223E+001  4.46750118294997165E+001 -4.99178539548674820E+001  0.00000000000000000E+000  0.00000000000000000E+000  0.00000000000000000E+000  1.89555399431277927E+001 -4.86342465617175677E+001  6.67291279201394048E+001  0.00000000000000000E+000  0.00000000000000000E+000  0.00000000000000000E+000  4.45338728687297873E+001 -9.81134905661821506E+001  1.20098528764401053E+002
  1.37191739394024026E+000   0.00000000000000000E+000  0.00000000000000000E+000  0.00000000000000000E+000  0.00000000000000000E+000  7.09432090247446467E+000 -2.17295106804486018E+001  3.40020582736416088E+001  0.00000000000000000E+000  0.00000000000000000E+000  0.00000000000000000E+000  0.00000000000000000E+000  1.01945282358863363E+001 -2.64300411341136652E+001  0.00000000000000000E+000  0.00000000000000000E+000  0.00000000000000000E+000  0.00000000000000000E+000  1.72910840308736908E+001 -3.85595927810180328E+001
  7.62176329966800070E-001   0.00000000000000000E+000  0.00000000000000000E+000  0.00000000000000000E+000  0.00000000000000000E+000  0.00000000000000000E+000  4.98347487051080851E+000 -1.53027922587222740E+001  0.00000000000000000E+000  0.00000000000000000E+000  0.00000000000000000E+000  0.00000000000000000E+000  0.00000000000000000E+000  5.19387667721773649E+000  0.00000000000000000E+000  0.00000000000000000E+000  0.00000000000000000E+000  0.00000000000000000E+000  0.00000000000000000E+000  6.44485727365422711E+000
  4.23431294426000027E-001   0.00000000000000000E+000  0.00000000000000000E+000  0.00000000000000000E+000  0.00000000000000000E+000  0.00000000000000000E+000  0.00000000000000000E+000  3.36421599974732288E+000  0.00000000000000000E+000  0.00000000000000000E+000  0.00000000000000000E+000  0.00000000000000000E+000  0.00000000000000000E+000  4.86876460839266167E-001  0.00000000000000000E+000  0.00000000000000000E+000  0.00000000000000000E+000  0.00000000000000000E+000  0.00000000000000000E+000  6.33636592542980548E-001
    4  3  3    1    1
  1.39671564721300001E+000   1.20918590427858650E+001
